5.314825164824280579e-01
2.353031363597745951e-01
2.313026778274127337e-01
2.159654743317930004e-01
1.969830791543885629e-01
2.178292174646818957e-01
1.925244237498454913e-01
2.213320417273609286e-01
2.006566173564503508e-01
1.853139294138752002e-01
1.721453717358903679e-01
1.684325301575485268e-01
1.650067138720631987e-01
1.602577174965688078e-01
1.667914339608186081e-01
1.709343646331135114e-01
1.662488356179675497e-01
1.662211111592280244e-01
1.683541935625234298e-01
1.724101115575626675e-01
