7.049812227772324080e-01
-7.506146361723659054e-04
1.339812097594251898e-02
6.516434548069553745e-02
8.381436525667042281e-02
6.290247761968462137e-02
3.450267522316002172e-02
2.746425732734841113e-02
3.358991665016842348e-02
2.898961160491376685e-02
2.439412386398875573e-02
1.836518166214027442e-02
1.374207828236662446e-02
1.079419527020699515e-02
2.507956554056171589e-03
2.496118895454550648e-03
-9.484633904492516818e-04
-6.915195213757723176e-03
7.156562152287849858e-03
-1.787132003748506366e-03
