6.038298197476920093e-01
1.774941587590410930e-01
6.881969102056396947e-02
1.482394878738376061e-02
5.417903347299579675e-03
1.775351452944592262e-02
2.478842486227390146e-02
3.779307594101918681e-03
9.984546328531511417e-03
-1.722499884778381802e-04
2.266469609587561974e-03
4.921700845453537247e-03
2.513594395467512541e-04
8.017466848166166643e-03
8.461885248469143417e-03
6.318470147543133603e-03
9.515563481198889215e-03
6.061545745668172171e-04
3.100634276876697033e-03
5.494834365144311145e-03
