2.769425236441638294e-01
1.720211746346630433e-01
1.520481462817845075e-01
1.846427527583167361e-01
2.009363103853150645e-01
2.092300386779630539e-01
2.119253918810169168e-01
2.229317133064517287e-01
2.125248256754126153e-01
2.081678297507093822e-01
2.063614273228500384e-01
2.149432119405236541e-01
2.063182574290624571e-01
2.015181635387782166e-01
1.989605053169505866e-01
2.027973132990025795e-01
2.077280787144528962e-01
1.946789068043990323e-01
2.047113195908403238e-01
2.086233658752164599e-01
