5.440772981374230044e-01
1.494305836783032249e-01
1.268568232961569398e-01
7.107228617955332894e-02
5.575457756672448639e-02
4.890723151425908216e-02
5.381272966883376280e-02
3.447432834282805614e-02
2.884374893598612086e-02
2.384742794198336721e-02
2.438452869200071621e-02
2.920992556541526439e-02
1.565651453767916840e-02
1.350429613968022642e-02
1.558995292361239730e-02
1.734572669523871957e-02
1.906736239459119395e-02
1.153349536625714912e-02
1.732594705109108055e-02
1.407274524781623910e-02
