1.295732978282982950e+00
4.804653312549829192e-01
5.054350368122816350e-01
5.200481446489870763e-01
5.449681271739583721e-01
5.493321073140490229e-01
5.596189475647782574e-01
5.759962322081612074e-01
5.862475549732658608e-01
5.726343477458546438e-01
5.508917026996312805e-01
5.755070095575592903e-01
5.661987455360216748e-01
5.727684608385542608e-01
5.787632612115040098e-01
5.819119032274862047e-01
5.815421872744681586e-01
5.924092289948357237e-01
5.711393561091105964e-01
5.703479500305302929e-01
