4.708743588395299384e-01
2.135719182035481223e-01
2.748353045183221099e-01
2.772925270755625116e-01
2.894199217023666892e-01
2.734722110658142080e-01
2.613025135115505937e-01
2.483023679920174365e-01
2.448887245099825305e-01
2.345650582488876534e-01
2.354955330476950770e-01
2.305371573483566139e-01
2.248287893274924787e-01
2.257404395247392948e-01
2.409677978883812410e-01
2.394755825787242276e-01
2.172315517492445502e-01
2.252941493026541508e-01
2.529790382305003860e-01
2.297135614714159169e-01
