7.798304748993837299e-01
5.578468968252454641e-01
5.551501093810327081e-01
5.268039645428879147e-01
4.569728330647991887e-01
4.619072595745625232e-01
4.952769461655753269e-01
4.944537070397341250e-01
5.124629571723550159e-01
4.671589314474927646e-01
4.882252255217133796e-01
5.120825175670685736e-01
4.877348704075111785e-01
4.760286280604874576e-01
4.725366024413481525e-01
5.137562445694953128e-01
4.637826949953066102e-01
4.754867230594576610e-01
4.791941950836423048e-01
4.811620440535731014e-01
