2.483931329849216496e+00
7.634070788811864183e-01
5.124787274752649058e-01
3.523686141444798414e-01
2.837214221088312782e-01
2.580798072341273230e-01
2.771609081895697324e-01
2.919725561254597479e-01
2.997187469474361099e-01
2.880693580298120948e-01
2.894287046118287909e-01
2.989354367605782659e-01
3.471319732143965942e-01
3.201666513225580601e-01
3.249222358706331248e-01
3.100822626927934866e-01
2.942704073426751776e-01
3.343056045566542567e-01
3.062331796564285447e-01
3.160077636538195511e-01
