6.474427025031334049e-01
2.920761807171197710e-01
2.455452207170863710e-01
2.177337239574187178e-01
2.192526612783795292e-01
2.170907135536060129e-01
2.170283978245577394e-01
2.005042149220173375e-01
1.800781906894364237e-01
1.667362278633350292e-01
1.782424227232462244e-01
1.735636802410068236e-01
1.611242168964735766e-01
1.446844123381035296e-01
1.540987236529052784e-01
1.315318189274588823e-01
1.233606986529642152e-01
1.211851514561229221e-01
1.095630331040292615e-01
1.083019483386116755e-01
